0
0.01436372127
-0.02086771504
0.03932574529
0.01265181218
0.04831508646
0.1296983157
0.1861466463
0.3600634123
0.4972198128
0.5956811147
0.5946048021
0.5156790347
0.4339607926
0.3471044349
0.3386675727
0.3061822109
0.2793400762
0.2488586947
0.1725497558
0.1019107873
0.05403170386
0.03438776951
0.002791640724
0.02684226995
0.04098619373
0.005751494641
0.01644076467
0.04778249665
0.04390902303
0.04367873133
0.04053152168
-0.02615470216
-0.07960566752
-0.0176551303
0.04987134756
0.0354141804
0.008757846246
-0.008001996359
-0.03043899523
-0.03350762275
0.03031344862
0.04179322748
0.005793287977
-0.05771828192
-0.004552697496
0.02460454965
0.03682642238
-0.03287765904
-0.01727911392
-0.001985363326
0.03833894005
-0.00607801265
-0.0144711241
-0.03047647102
0.0316728868
0.02606666273
9.435173651e-06
-0.06266747334
0.004507336598
0.04324432324
0.03717237954
-0.03957828355
-0.03964208372
-0.003858579281
0.02028290272
0.03447721932
0.03540425631
-0.02709584548
-0.07847813448
-0.02045746667
0.03873053335
0.03609212468
0.03348840645
0.02924743863
-0.0177498435
-0.0538926455
-0.03316857145
-0.04820887996
-0.06975672216
-0.03281654346
-0.01434392732
0.03300660999
0.1037774218
0.1897749617
0.2479872886
0.2972974864
0.3305133001
0.2972609583
0.3130566543
0.3302484966
0.396736594
0.5038741697
0.6000341106
0.6461884166
0.5355881025
0.4122308517
0.2303504682
0.1112403151
0.08952453139
0.00350374771
0.02962447261
2.455262744e-13
