0
-0.05800020426
0.0003692036197
0.06868951756
0.05449064954
-0.007742262404
-0.05750462623
-0.06016230616
0.00457402577
0.04505901302
0.04565160386
0.02855682215
0.004934050473
0.02356800161
0.05334061454
0.03490919537
0.009101274755
-0.01537659296
0.001945402162
0.05444205985
0.07711621372
0.1152769454
0.1753846902
0.2264293065
0.2621263453
0.2664884809
0.2666413164
0.3079081885
0.3800936663
0.4685504524
0.5519750361
0.6032136887
0.5680236361
0.438058167
0.2499062018
0.1477481183
0.09871785951
0.04006371403
-0.004687261806
0.01833277731
0.02280732919
-0.01903024308
0.0003154977988
0.01103413926
0.004309381028
-0.02030968245
0.01851811248
-0.005213743557
-0.0002423184271
-0.005263966679
0.01400968521
-0.01728068072
0.01399654431
-0.00527225973
-0.0001267767634
-0.005304136057
0.01870746823
-0.01984121707
0.004861949895
0.01210720527
0.005737698751
-0.01444555829
0.04267906199
0.05121360831
0.06240896521
0.1638102521
0.2849256635
0.3714089362
0.4140318834
0.410059189
0.2968300232
0.1841489259
0.1703178655
0.3303687311
0.5476238398
0.5631104955
0.3670495786
0.2370906098
0.2965710876
0.3463418859
0.196655706
0.02385623467
0.05397169208
0.1075045198
-0.03570561186
-0.07966815013
0.02030297114
-0.01514330995
-0.01492895422
0.04107641063
-0.02554801626
0.02413648957
0.08451005793
0.03047915505
0.01828723681
-0.07732090598
-0.05259815992
0.002455697997
0.04550586806
0.05879439332
-0.006062207994
-0.04361969782
0.0007805650703
