0
0.006765083984
-0.0156013141
0.01536965897
-0.007131665516
-0.001937667361
0.007853606906
-0.009880352754
0.01174595988
-0.01137222468
0.007466664194
0.008877614346
-0.01724915383
0.03665158866
0.01097790507
0.03967995204
0.1212059567
0.1815026128
0.3247445
0.4848527916
0.6061446032
0.5744576343
0.5338577474
0.4604728692
0.3513213066
0.3365164282
0.3446398667
0.2956732896
0.2178959794
0.1845570204
0.1168346992
0.02866594389
0.01767454007
0.04733264547
0.03160076565
0.00350874161
0.008549563739
0.04066893797
0.04254615775
0.0561698568
0.04126087112
0.01285063254
-0.04802870312
-0.04652076928
-0.01658463576
0.05518503161
0.0509048556
0.008284772438
-0.05574365904
-0.05062348266
0.01807552479
0.07136355502
0.02821511467
-0.05744655648
-0.06445764646
0.01338331174
0.06313868985
0.04703148467
-0.03088103973
-0.05259648894
-0.04721718847
0.02186919157
0.03427235935
0.03973659415
0.02518271224
0.01054603138
-0.04245269996
-0.06595133422
-0.04949876936
-0.02932334575
-0.0498268835
-0.0411274947
0.04670889167
0.1149290599
0.1544169787
0.256881336
0.3283853448
0.3234467783
0.3021098983
0.3348067638
0.3470341914
0.3857962952
0.5350588504
0.6170017625
0.6274116793
0.5295220043
0.3894312585
0.2087931379
0.09965305651
0.0811020417
0.002765684947
0.0178480938
0.01204440979
-0.01045483888
0.01325613749
-0.01035577835
0.008541504121
-0.00222058253
-0.007140180607
0.01565785093
-0.01597441315
0.006912633607
8.346767031e-12
