0
0.01919995597
-0.03277791908
0.003863521076
0.03147315346
-0.02479782167
-0.01764171496
0.03866447075
-0.004835255794
-0.03856508655
0.02928954791
0.01814501775
-0.03082601318
-0.001749674743
0.01236879425
0.0183763443
-0.01945260313
-0.02783613879
0.04103913665
0.0007425676778
-0.01191461221
-0.007515805085
-0.02059919781
0.04329393049
0.007719776268
-0.01728442686
-0.03275215169
-0.01523519925
0.05949128559
0.03027135321
-0.015858128
-0.06974013591
-0.03874261217
0.03790437076
0.07121243209
0.04568539692
-0.01596627854
-0.06148445106
-0.06053354562
-0.06019538837
-0.02866122366
-0.024089865
0.02681514093
0.07963570138
0.187624903
0.2973598553
0.415645787
0.521169378
0.630580869
0.7837141067
0.9291436168
1.053491287
1.096106294
1.11347046
1.030431582
0.8772912485
0.6814893859
0.492239403
0.3284828349
0.1822516316
0.1090202701
0.0604121064
0.06604974013
0.02899559257
0.004893662839
-0.01552592986
0.03021028965
0.08625060123
0.08256210504
0.03062231277
-0.03299982687
-0.05337115777
-0.0107383808
0.02917279914
0.06485008928
-0.01553202292
-0.03413921613
-0.01268689549
0.006637472925
0.0422388757
-0.01750520267
-0.009360757903
-0.01222384819
0.002820346294
0.03915567721
-0.02648447809
-0.02001393037
0.01767485874
0.01424809534
-0.003655071334
-0.02980021619
0.01755758239
0.02997199287
-0.03885559764
-0.005685664638
0.04014441499
-0.01869827988
-0.02468119204
0.03160189823
0.004246470666
-0.03361722953
0.01960802026
3.318231019e-07
