0
-0.005153624107
0.008056509878
0.002335670191
-0.01207237445
0.007634636598
0.00704058924
-0.01198137085
0.001159194089
0.008304249008
0.002382468346
-0.01900600449
0.009599479071
0.02724612504
-0.04455057485
0.009827859662
0.03985175341
-0.040220702
-0.001678268063
0.01714544238
0.01139491883
-0.01864385864
-0.02098288164
0.04043247847
-0.005672672147
-0.01415151639
-0.009612622685
0.007856825744
0.02506434058
-0.0104508313
-0.01730056587
-0.01280301635
0.02692326727
0.03860635043
0.007772868893
-0.001721735045
0.06243080066
0.1996826475
0.349898721
0.4445539118
0.5227996453
0.5387986867
0.5530395904
0.5071449444
0.4721657359
0.3854011425
0.3398736285
0.2492039995
0.2004362677
0.09003267685
0.06694689105
0.01484674068
0.0821488023
0.1034289877
0.2067344908
0.2438983349
0.3507942731
0.3938361687
0.4429269065
0.3886932472
0.3595548037
0.3763264675
0.5129417739
0.6398219209
0.6750944879
0.5342988062
0.3091793442
0.1384405065
0.08047193718
0.07754232879
0.0406971738
-0.007124142632
-0.01065208454
-0.01184134218
0.02524852944
0.01099509123
-0.01234155291
-0.0135110253
-0.00440914478
0.03863197391
-0.01937838258
-0.01945447041
0.01063663743
0.01918541932
-0.003582733826
-0.0396196282
0.0401195466
0.009529520686
-0.04430294756
0.02643919158
0.01094044153
-0.0203342032
0.003128482018
0.007992308678
0.001345279232
-0.01218631923
0.006995282953
0.008007202241
-0.0125781539
0.002522303819
0.008103594074
-0.005223883583
9.721131576e-09
