0
0.1848127074
0.194632899
0.2532501825
0.2719087646
0.3067603019
0.33580674
0.3540458123
0.4294630453
0.5202096293
0.6233299455
0.6534445877
0.5434456789
0.3565061874
0.1879057113
0.09871170457
0.08735411446
0.09169715726
0.03791412248
-0.01167735337
-0.04118506503
-0.02336963753
0.03006387097
0.0356901702
0.002863566387
-0.02367323427
-0.02045653372
-0.0008480272475
0.02556187552
0.02066398148
-0.02375420689
-0.02569760886
0.01943400067
0.01461385771
-0.004492704779
-0.005908958854
-0.005888053955
-0.007047431528
0.02894571497
-0.006402085155
-0.02221785308
0.0005947319204
0.03233870232
-0.01710955303
-0.01597741603
0.01331672731
0.01192233246
-0.01453398829
-0.004200353722
0.01334113526
-0.003392488755
-0.005181426052
-0.0007625552506
0.0105328418
-0.004105444557
-0.01120222803
0.007329297911
0.01626438119
-0.01613612884
-0.0183881602
0.03272223023
0.001787668636
-0.02313017749
-0.007730213588
0.03177493703
-0.008535291304
-0.006934423376
-0.004884082305
-0.002338019604
0.01049606462
0.02029618786
-0.02118690219
-0.02764190746
0.01765523673
0.02994746148
0.002893111307
-0.02617737044
-0.02841572709
0.009001510853
0.0449450315
0.02760088346
-0.02824267994
-0.02674645843
0.02676413754
0.103825553
0.2000944276
0.2715124515
0.361269526
0.4271938896
0.3770722861
0.2214251734
0.09468669494
0.2199030439
0.5758607796
0.5673387856
0.2717536882
0.3800511909
0.4067861872
0.2052556386
0.2440806172
0.1201252413
0.113071456
0.3137041783
