0
-0.004039701155
0.007844875435
-0.001302387245
-0.0106144232
0.01718877455
-0.008173098783
-0.01210134857
0.02752043337
-0.02119499007
-0.003644862416
0.0254900957
-0.02318537975
0.003007381399
0.009355341668
0.0008039553237
-0.01300428696
-9.860012606e-05
0.03157864585
-0.0379742984
0.003758200835
0.03554382669
-0.02052923066
-0.002162790796
0.03478994311
0.06576375674
0.06152065758
0.1717631512
0.3385487317
0.4652490161
0.5616883942
0.5962515964
0.5566195138
0.4583601963
0.3723355769
0.3467025876
0.3445670218
0.3288678155
0.2448831911
0.1456864971
0.0725086572
0.06250964133
0.06722988884
0.03877721167
-0.00879242966
-0.02540168185
0.02763748098
0.07442588395
0.1024272784
0.02907904432
-0.02045784661
-0.07875189711
-0.01111516491
0.03028493931
0.087311662
0.03363976551
-0.01337115086
-0.08436200175
-0.08718085235
-0.04663925023
-0.006522077567
-0.001945636411
-0.0009516167531
0.0736207014
0.1806588651
0.2794127139
0.3211393337
0.3303588101
0.3177465163
0.3356151177
0.3698704312
0.4148155876
0.5143768088
0.6268946008
0.6545519029
0.5148572262
0.316503386
0.2205912501
0.1174742663
0.0347852993
-0.001503036045
0.04371508585
0.006611983105
-0.03589437993
0.0312320206
0.001288469803
-0.01381947469
0.000999671757
0.009786306392
0.002510820139
-0.02297349924
0.02519765256
-0.002935715104
-0.02234915049
0.02867563021
-0.01282517219
-0.008075873781
0.0173820033
-0.01081231305
-0.001333787992
0.007967150659
-0.004120836541
2.847625112e-10
