0
0.03927934083
-0.00813202659
-0.04223151241
-0.03269860563
0.01698702246
0.05176198162
0.01748470036
-0.02518006572
-0.03987665575
-0.01795917127
0.02047556349
0.02375144964
0.02888471626
0.01029060264
-0.02880214423
-0.03053562472
-0.02559355017
0.008630328188
0.0354890952
0.02414525884
0.02295968802
0.02769373861
0.04118785628
0.04310753126
0.007563959457
-0.001810907335
0.01510623411
0.01237638924
0.02230551945
0.08081360565
0.1428599206
0.1771204851
0.2100826408
0.2471658612
0.2729627029
0.2549367842
0.2928753177
0.3680938069
0.457625882
0.524570407
0.6206989425
0.581504052
0.4231712061
0.2909912677
0.1837266754
0.07011026337
0.03730167149
0.04349062838
-0.003930766807
0.005642803367
0.02725537714
0.01897518602
0.03201264648
0.1129646326
0.1589570439
0.2530990747
0.3900193075
0.4251557036
0.3759653832
0.3179565534
0.2313322733
0.1807059532
0.3147671145
0.4941360356
0.5540064429
0.4240309439
0.2827284204
0.2044611782
0.2532743013
0.2672526632
0.1396708792
-0.01509175467
-0.01653650918
0.06660058173
0.006660918846
-0.09303269583
-0.02507539605
0.05152827883
-0.021602171
-0.003453254196
0.07120061308
0.01196599742
0.03100124549
0.04703195641
-0.05588607867
-0.02996044923
-0.00998900093
-0.02038011774
0.04660427485
0.01574155223
0.01816073702
-0.0002337553434
-0.04937676181
-0.01759107925
-0.002953837383
0.0595026148
0.02564677127
-0.02636756772
-0.05541725249
-0.01502388847
0.04909261627
3.14279407e-05
