0
2.08982216e-50
1.973468987e-48
1.778047819e-46
1.512261005e-44
1.213142232e-42
9.170637302e-41
6.526173359e-39
4.367394989e-37
2.745282534e-35
1.618854432e-33
8.943271357e-32
4.621862251e-30
2.230908766e-28
1.004029011e-26
4.205360682e-25
1.635974657e-23
5.898115704e-22
1.965960598e-20
6.042636062e-19
1.707752833e-17
4.423889085e-16
1.046783906e-14
2.25379498e-13
4.396625442e-12
7.733849526e-11
1.220134152e-09
1.715975265e-08
2.136441752e-07
2.336049626e-06
2.222617708e-05
0.0001820230373
0.001266570502
0.00736612897
0.03495317339
0.1295429414
0.3455825999
0.5930264255
0.6089395815
0.4364197764
0.456894806
0.5730283332
0.4528760785
0.5075976611
0.4995721753
0.4231192214
0.381266558
0.1523975329
-0.03254905304
-0.09433301673
-0.04557934249
0.136810062
-0.04557934249
-0.09433301673
-0.03254905304
0.1523975329
0.381266558
0.4231192214
0.4995721753
0.5075976611
0.4528760785
0.5730283332
0.456894806
0.4364197764
0.6089395815
0.5930264255
0.3455825999
0.1295429414
0.03495317339
0.00736612897
0.001266570502
0.0001820230373
2.222617708e-05
2.336049626e-06
2.136441752e-07
1.715975265e-08
1.220134152e-09
7.733849526e-11
4.396625442e-12
2.25379498e-13
1.046783906e-14
4.423889085e-16
1.707752833e-17
6.042636062e-19
1.965960598e-20
5.898115704e-22
1.635974657e-23
4.205360682e-25
1.004029011e-26
2.230908766e-28
4.621862251e-30
8.943271357e-32
1.618854432e-33
2.745282534e-35
4.367394989e-37
6.526173359e-39
9.170637302e-41
1.213142232e-42
1.512261005e-44
1.778047818e-46
1.973467063e-48
2.069310293e-50
2.070595665e-52
