0
1.200845694
1.001497926
0.8004455673
0.5511339671
0.4361706695
0.3650168754
0.2913432571
0.2615631906
0.1794644289
0.1147803568
0.06166623466
0.02322819545
0.01185488905
0.01655350839
0.03097091846
0.01877523017
0.03029548129
0.02548424085
0.03238419245
0.05756538105
0.03684674745
-0.009079910737
-0.04632304995
-0.0397465393
-0.01082053965
0.04803331082
0.05740025723
-0.01269901548
-0.04339106954
-0.01650543881
-0.002679693774
0.02699411732
0.03474711292
-0.01548125966
-0.04741917972
0.009362578407
0.03066070779
0.002259898087
-0.01406680691
-0.0007915995536
-0.008423843794
0.001757496086
0.02616819802
-0.009171494747
-0.02224103008
-0.005170767464
0.04152741648
-0.01179880681
-0.02207069928
-0.01090534287
0.04505261657
-0.01076036696
-0.02184955247
-0.01251718713
0.04214961967
-0.005440325275
-0.02119051788
-0.01243835095
0.03079513758
-0.0009051328006
-0.009907413928
0.00249280163
-0.0142109802
-0.001925119066
0.03296082976
0.0143478393
-0.05324223422
-0.01911215803
0.03959675574
0.03363208537
-0.008401344619
-0.02703644151
-0.04048472379
-0.001442784694
0.06052327903
0.03683643033
-0.02120249978
-0.04186955123
-0.04318730564
-0.007543535222
0.031958978
0.05341930555
0.02535057062
0.004349279242
-0.01414246249
-0.04484889733
-0.04141280471
-0.05618553877
-0.05670954317
-0.04011714293
0.0004518465176
0.05722150677
0.1385084535
0.2619804318
0.3739902717
0.5518030616
0.7200964599
0.8225010577
0.7428926468
0.2658406888
0.505064696
1.256255309
