0
0.07081100267
0.04432129714
0.02798907248
-0.01203188251
-0.01184673564
0.01871491774
0.03953672279
0.05885183692
0.0341170899
0.02841268287
0.08743368951
0.1798620327
0.2589803186
0.2906421372
0.2623355634
0.2612350219
0.3095897761
0.3910880409
0.5086287566
0.5745750385
0.5878253054
0.5347781432
0.4114447192
0.276235376
0.141327249
0.04684856055
0.03198577253
0.0351937844
0.01249638666
-0.006462813944
-0.001550072233
-0.001996384824
0.008808638026
0.01046873883
-0.01563274311
-0.01051043693
0.02090470922
0.009732098535
-0.03193995856
0.01299199472
0.01144076216
-0.002841485589
-0.01803574573
0.01958673478
-0.007799043643
0.005248989498
-0.008721197411
0.007333340294
-0.004092975575
0.00767783546
-0.01121415828
0.008635644403
-0.005442089801
0.008056005325
-0.007781499759
0.002602183779
-0.00483776166
0.01826609671
-0.01950331464
0.0005841408183
0.008458975342
0.01379449632
-0.03103758797
0.009336215271
0.01931201799
-0.00753913176
-0.01691425061
0.009950991045
0.0123248604
0.000801571404
0.00381408788
0.009284193768
0.04669422011
0.09632320603
0.1506456838
0.2438777108
0.3833182003
0.4651336968
0.4115134463
0.2553835482
0.1131819228
0.1558459682
0.423208629
0.6172647031
0.4848659398
0.2494225068
0.3071393247
0.4626202905
0.2857537151
0.09400396988
0.1186512713
0.04094197898
-0.01754369405
0.07842795104
-0.009124190533
-0.03604821047
-0.03532795568
-0.0661437972
0.01810344559
0.03281422147
0.0835250082
0.01858294228
