0
0.02418036906
-0.01374668922
-0.03069182118
0.0008518124039
0.02981624913
0.0195204037
-0.02608879436
-0.03100937596
0.007437209385
0.03072875541
0.02689467392
-0.02653383673
-0.03647496294
-0.00738844197
0.02760014292
0.03910184838
-0.004986603236
-0.01959331803
-0.03169077625
-0.02753335857
0.02975077759
0.05193353123
0.01879813369
-0.02502619967
-0.03624849206
-0.00821193639
-0.007807323312
-0.002925680496
0.02947478286
0.03497313884
0.01344107581
0.03604151766
0.04927270412
0.02484059788
0.005967014305
0.009440946246
0.005513030922
-0.002293514094
0.05270306095
0.09302703226
0.1413147183
0.1980748624
0.2813452357
0.323947473
0.4176883103
0.5285245818
0.6629638699
0.7517377446
0.8411849152
0.8494247861
0.8422333974
0.8015605068
0.7753535722
0.7376419274
0.7189095538
0.5593231723
0.3485500851
0.2013730769
0.2153692528
0.2351328752
0.1932452381
0.05649534652
-0.04321587398
-0.03764882635
0.05097112628
0.00884467243
-0.085218391
-0.04009456698
0.07098368011
0.02378515368
-0.03713847051
0.06808209681
0.07388692476
-0.03659132082
-0.008541853946
0.02372172364
-0.07228831579
-0.0266522167
0.04661816855
0.01793476983
0.0411240003
-0.009566495294
-0.05143633541
0.001263494982
-0.020678181
0.02854556507
0.04646183888
-0.01546758347
-0.022215933
-0.0445643676
0.02767303145
0.03978373787
0.00416707485
-0.02668624965
-0.03601467493
0.02591562104
0.02818832329
0.00548099202
-0.03631369463
-0.01315710884
0.0256050007
1.277360383e-06
