0
5.555359561e-24
1.005517601e-22
1.812909438e-21
3.097788029e-20
5.008763844e-19
7.651343647e-18
1.102429733e-16
1.495530952e-15
1.906504884e-14
2.27918667e-13
2.549467564e-12
2.661903782e-11
2.587383562e-10
2.334539705e-09
1.94912365e-08
1.500593269e-07
1.061211973e-06
6.864462135e-06
4.042214486e-05
0.0002155477423
0.001034606771
0.004438222658
0.01684981054
0.05567888608
0.1549743949
0.3424540256
0.5565777702
0.6341513553
0.5307051731
0.4224077506
0.4652379742
0.55249906
0.4960936239
0.4175148778
0.4364392334
0.3432053867
0.1545095447
0.05777807993
-0.08861497399
-0.1257143964
0.04056222049
0.05011799709
0.02150648681
-0.08576019688
0.05170468843
0.01171154883
-0.03304507228
0.007432680115
0.03514255271
-0.06764679469
0.07957883119
-0.06764679469
0.03514255271
0.007432680115
-0.03304507228
0.01171154883
0.05170468843
-0.08576019688
0.02150648681
0.05011799709
0.04056222049
-0.1257143964
-0.08861497399
0.05777807993
0.1545095447
0.3432053867
0.4364392334
0.4175148778
0.4960936239
0.55249906
0.4652379742
0.4224077506
0.5307051731
0.6341513553
0.5565777702
0.3424540256
0.1549743949
0.05567888608
0.01684981054
0.004438222658
0.001034606771
0.0002155477423
4.042214486e-05
6.864462135e-06
1.061211973e-06
1.500593269e-07
1.94912365e-08
2.334539705e-09
2.587383562e-10
2.661903782e-11
2.549467564e-12
2.27918667e-13
1.906504884e-14
1.495530952e-15
1.102429733e-16
7.651343647e-18
5.008763844e-19
3.097788027e-20
1.812908869e-21
1.005392019e-22
5.291386922e-24
2.771254843e-25
