0
1.597278617e-10
1.003893922e-09
6.702919317e-09
4.216870655e-08
2.488213633e-07
1.373544353e-06
7.074046673e-06
3.389054509e-05
0.0001505511522
0.0006179720077
0.00233464124
0.008077498673
0.02539614403
0.07148455001
0.1747902668
0.3522959016
0.5487604242
0.6355083392
0.5651068332
0.4500051795
0.4252927064
0.4966961343
0.5276331784
0.4429205066
0.3480262776
0.3108266988
0.2249418698
0.04902893973
-0.07209641805
-0.08099539912
-0.0691935398
0.006608498466
0.1017878061
-0.004143808923
-0.08035481766
0.0226186264
0.03292276082
-0.002708847986
-0.04135308472
0.02923310977
0.02291443277
-0.0614916788
0.0613220415
-0.03429297144
0.006422396542
0.006625369009
-0.002419488508
-0.01158706266
0.02765719169
-0.03916510462
0.04350547786
-0.03916510462
0.02765719169
-0.01158706266
-0.002419488508
0.006625369009
0.006422396542
-0.03429297144
0.0613220415
-0.0614916788
0.02291443277
0.02923310977
-0.04135308472
-0.002708847986
0.03292276082
0.0226186264
-0.08035481766
-0.004143808923
0.1017878061
0.006608498466
-0.0691935398
-0.08099539912
-0.07209641805
0.04902893973
0.2249418698
0.3108266988
0.3480262776
0.4429205066
0.5276331784
0.4966961343
0.4252927064
0.4500051795
0.5651068332
0.6355083392
0.5487604242
0.3522959016
0.1747902668
0.07148455001
0.02539614403
0.008077498673
0.00233464124
0.0006179720077
0.0001505511522
3.389054509e-05
7.074046673e-06
1.373544353e-06
2.488213599e-07
4.216867522e-08
6.702642336e-09
1.001570783e-09
1.412717894e-10
2.109127232e-11
