0
0.005071549533
0.01219100422
0.03345907115
0.08546044146
0.1931316343
0.3666614953
0.5514902914
0.6359280085
0.5786855135
0.4678307929
0.4160294009
0.4539158252
0.5022353865
0.4619185323
0.3488812501
0.2550865988
0.2001105302
0.1124641664
-0.02732333965
-0.1186490721
-0.08734636067
-0.00687405043
0.03844043454
0.05582505359
0.01313609648
-0.07251300159
-0.02364111119
0.07767197331
-0.003966056521
-0.05647323306
0.02507493905
0.0217007223
-0.01417846067
-0.02010835598
0.02519365471
0.008274560889
-0.04502692633
0.0532570819
-0.03016197477
-0.004059274207
0.02877145404
-0.03449040586
0.02517918469
-0.009467141847
-0.003870181232
0.01129160609
-0.01207867755
0.008955841616
-0.004097388898
0.0004210542233
0.001159724829
0.0004210542233
-0.004097388898
0.008955841616
-0.01207867755
0.01129160609
-0.003870181232
-0.009467141847
0.02517918469
-0.03449040586
0.02877145404
-0.004059274207
-0.03016197477
0.0532570819
-0.04502692633
0.008274560889
0.02519365471
-0.02010835598
-0.01417846067
0.0217007223
0.02507493905
-0.05647323306
-0.003966056521
0.07767197331
-0.02364111119
-0.07251300159
0.01313609648
0.05582505359
0.03844043454
-0.00687405043
-0.08734636067
-0.1186490721
-0.02732333965
0.1124641664
0.2001105302
0.2550865988
0.3488812501
0.4619185323
0.5022353865
0.4539158251
0.4160294007
0.4678307912
0.5786855041
0.6359279596
0.5514900493
0.3666603596
0.193126578
0.08543913853
0.03337453558
0.01187634177
0.003976647283
0.001521897689
