0
0.8844821411
1.011124605
1.114058396
1.01734447
0.7377732224
0.4515796836
0.2629593543
0.1506083803
0.04320161707
-0.07187414447
-0.1230493437
-0.06446520711
0.0361214125
0.06655316079
0.02552640485
-0.01779715173
-0.04456440648
-0.02175240928
0.0518578874
0.03333838772
-0.06196002198
-0.01761386039
0.06299699648
-0.01370552406
-0.04014551749
0.02875357517
0.01098866596
-0.01845511248
-0.00601803247
0.02119380983
-0.004322438361
-0.02676631143
0.04171907754
-0.02719370997
-0.005094612519
0.03428407884
-0.04536777266
0.03761346058
-0.01909784905
0.001045035545
0.009785526151
-0.01091518068
0.004971975288
0.004837630272
-0.01455900397
0.02261645213
-0.02773113872
0.03071552247
-0.03176379773
0.032224436
-0.03212563693
0.032224436
-0.03176379773
0.03071552247
-0.02773113872
0.02261645213
-0.01455900397
0.004837630272
0.004971975288
-0.01091518068
0.009785526151
0.001045035545
-0.01909784905
0.03761346058
-0.04536777266
0.03428407884
-0.005094612519
-0.02719370997
0.04171907754
-0.02676631143
-0.004322438361
0.02119380983
-0.00601803247
-0.01845511248
0.01098866596
0.02875357517
-0.04014551749
-0.01370552407
0.06299699641
-0.01761386077
-0.06196002392
0.03333837814
0.05185784219
-0.02175261338
-0.04456528248
-0.01780072072
0.02551252302
0.06650188523
0.03594378464
-0.06505335669
-0.1248700591
-0.07713542884
0.02891666359
0.1146514644
0.1809206323
0.2862903211
0.4592228132
0.6639404679
0.845920124
0.9593671431
0.9257637525
1.216056128
