0
-0.1333902269
-0.06266937082
0.0663413882
0.2107335035
0.3109181342
0.3619614285
0.3990550785
0.4151290169
0.4106342336
0.4366578973
0.4960847262
0.5501501776
0.6105963143
0.6159364938
0.4267163455
0.1712130385
0.1069116585
0.1004045802
-0.002985668021
-0.01812442896
0.03311319039
0.001782293143
-0.01751914218
0.004129326756
0.01508019687
-0.01145093263
-0.01188488819
0.0310332446
-0.02658437445
0.001164767762
0.02782083852
-0.04224410338
0.03627280048
-0.01549463022
-0.007911088389
0.02433261719
-0.02908784617
0.02427256056
-0.01420189611
0.00448362155
0.001900622603
-0.003146816471
0.0002592380022
0.00582570701
-0.01297014917
0.02033039834
-0.02651710956
0.0315945086
-0.03492928398
0.03707444166
-0.0376048677
0.03707444166
-0.03492928398
0.0315945086
-0.02651710956
0.02033039834
-0.01297014917
0.00582570701
0.0002592380022
-0.003146816471
0.001900622603
0.00448362155
-0.01420189611
0.02427256056
-0.02908784617
0.02433261719
-0.007911088404
-0.01549463029
0.03627280013
-0.04224410504
0.02782083097
0.00116473476
-0.02658451166
0.03103269219
-0.01188701433
-0.01145871107
0.01505283738
0.004038080902
-0.01780993533
0.0009056890839
0.0306101535
-0.02494395673
-0.02021675111
0.05911422267
0.0153622346
-0.007278538508
0.1394767277
0.2679147248
0.3435227356
0.4829168028
0.5849752124
0.5430999523
0.4739477837
0.4862304729
0.4919401111
0.4286976153
0.381098933
0.3059759393
0.1588834983
0.03685445871
-0.03792246562
0.3664242838
