0
0.05380132487
-0.0134209588
-0.08131301918
-0.04784470406
0.07698742125
0.108240634
-0.01392311994
-0.09325335911
-0.05972362535
-0.05726730332
-0.05425417012
0.04213344398
0.1041892182
0.1223907441
0.2456417118
0.3832290023
0.4157024781
0.4072980217
0.3963919142
0.4034307385
0.4608589811
0.584322352
0.6605812892
0.5562229828
0.4283855926
0.2637924983
0.08967626371
0.09052145173
0.009463664631
-0.0006045057753
0.03309485261
-0.03394822149
0.02934640587
-0.01471801916
0.0004373211607
0.0100598116
-0.01384833847
0.01213880907
-0.006641377057
0.0004470859571
0.004854052709
-0.007617516461
0.008046784475
-0.006008722873
0.002669848951
0.001671036531
-0.005839377838
0.009766040517
-0.01259531842
0.01457014467
-0.01508453158
0.01457014467
-0.01259531842
0.009766040516
-0.00583937784
0.001671036518
0.002669848889
-0.006008723153
0.008046783237
-0.007617521727
0.00485403104
0.0004470001632
-0.00664170402
0.01213761091
-0.01385256558
0.01004555463
0.0003910253314
-0.01486096933
0.02892246812
-0.03514799121
0.02985701567
-0.008973454911
-0.01088302285
0.04334188709
-0.01145547088
0.07375478852
0.1295059234
0.2094749877
0.4082558604
0.5261451135
0.5612373372
0.5397994942
0.4868663776
0.4608136175
0.4831743039
0.4689034064
0.3145025208
0.1860582585
0.1986943327
0.1466331315
0.0301121443
0.02773405083
0.0223393041
-0.03406997156
0.03567286078
0.1386157056
0.09572989546
-0.03136368047
-0.07243402138
-0.003858870984
0.05925845612
0.0131426125
