0
0.0520430928
-0.06067273554
-0.03837074319
0.05936687411
0.02200795589
-0.04133691624
-0.006946108785
0.002473918751
-0.00370159028
0.04386450752
0.01832869965
-0.06632542243
-0.05353881446
0.03261833765
0.07894442957
0.04329572888
-0.02081835
-0.07654793173
-0.0966384358
-0.03180115314
-0.009988849685
0.005989247063
0.09604513131
0.1344641694
0.2596451943
0.3715761618
0.378251227
0.4189989561
0.3590618974
0.390864628
0.481261213
0.5562993441
0.6600446282
0.5776975041
0.4460726439
0.2670688573
0.1347282996
0.06879492221
0.02766856102
0.007866952432
0.01375902318
-0.01162582375
0.01745658644
-0.0183835876
0.01951013849
-0.01904551054
0.01835549804
-0.01715936329
0.01628068439
-0.01547718316
0.01534692575
-0.0154773548
0.016280031
-0.01716158911
0.01834815688
-0.01906861582
0.01943967337
-0.01858896604
0.01687934093
-0.01318107938
0.00973575415
-0.002127363476
0.003962858618
0.01554197454
0.02373081971
0.06344119429
0.1378602502
0.2333868708
0.4227145378
0.5133244087
0.5992090354
0.5418953908
0.4664132285
0.475808171
0.4240983569
0.4431339885
0.3376901378
0.2023295822
0.1654705762
0.09746346362
0.09400247457
0.05058314404
-0.03130371243
-0.005193683436
0.03884425518
0.07296312838
0.09877908716
0.04642108067
-0.04673118378
-0.05413994563
0.02424671895
0.0463473814
0.001189081353
0.002004999695
-0.003448806773
-0.04208960319
0.02301688802
0.06118905931
-0.03919393591
-0.06087871216
0.0527787259
0.0003873058833
