0
-0.03539037605
0.05863385759
-0.00210904682
-0.05608140929
0.0333418127
0.03543550328
-0.04362188974
-0.01563530688
0.0371431546
0.00911007682
-0.02680734708
-0.008227019704
0.009359472203
0.01174581515
0.02146360556
-0.02921383232
-0.03999733881
0.0318008617
0.03105521714
0.02570040076
-0.03128543883
-0.08529188349
0.01208468201
0.05077922103
0.07228977103
0.02374070821
-0.07067414273
-0.05773050057
-0.07621487895
-0.03265664737
-0.01183063173
0.01216813058
0.0808222816
0.1525413806
0.2663082263
0.3468162469
0.3824783072
0.3786972233
0.3577191902
0.3848375513
0.4617741877
0.5605259264
0.6483226835
0.5868133152
0.4802805496
0.2633386281
0.1794548614
0.04565691399
0.06185296478
-0.01494995107
0.03611125342
-0.02475292513
0.03542685912
-0.01397977424
0.05849404688
0.04517399308
0.1643509172
0.2447898996
0.4294773876
0.5387395223
0.593717543
0.5481652724
0.4747171881
0.4371325527
0.4194742806
0.400137936
0.3402504749
0.2267908137
0.1486871452
0.08536762521
0.08145688053
0.06445721342
-0.001290054634
-0.002269672846
-0.01407548318
0.07718245617
0.09264620002
0.05215135576
0.0239636606
-0.07496042299
-0.02693194412
0.03363022072
0.03315287509
0.03072971383
-0.03542370681
-0.02983280707
0.02144613791
0.01471006399
0.007110098332
-0.006171393855
-0.02753900396
0.008531658096
0.0392768172
-0.01749830428
-0.04280803426
0.03493016904
0.03457684374
-0.0573982704
-0.002005261342
0.05962869603
-0.0360351695
1.137019859e-05
